708 2
1.0448 1.6013
1.8011 0.9241
0.4618 -0.43203
0.95034 -0.36895
1.61 1.6249
3.203 2.2638
2.6518 2.1604
2.8306 3.4058
1.4893 -0.54813
2.4505 1.6319
1.667 1.4849
2.4407 3.7147
1.2119 0.96573
2.0221 2.0231
2.515 2.577
3.3433 4.5352
2.5826 3.1492
0.095034 -1.087
1.3308 0.23521
0.72348 0.60374
3.6924 6.0184
0.92455 1.4625
-0.38663 -1.4476
2.1391 2.4269
1.5264 -0.051642
3.4591 4.2026
0.52988 -0.78929
1.5722 1.7783
2.565 3.6619
0.64187 0.055746
2.2228 0.95118
1.182 0.60456
0.36181 -0.28053
2.3268 2.2885
0.36778 0.12474
2.361 3.0013
1.7769 2.3641
1.3837 0.073048
1.5471 1.287
1.3218 1.6669
1.8425 1.3033
3.9386 4.8881
0.83542 1.2189
3.0235 4.0474
2.686 3.9743
1.1622 0.31747
1.9118 2.0189
3.1658 5.1939
2.7096 2.1359
-0.076519 -1.6486
-1.3767 -3.0113
2.0827 2.1484
2.742 3.8891
1.5357 1.3646
1.8553 3.1001
1.8934 0.88691
3.7417 4.4684
1.0434 0.76103
2.8094 4.751
2.1961 2.5494
1.695 1.5164
1.1717 -0.29033
4.0159 5.5786
3.1467 3.5094
2.6691 3.7463
1.4261 0.33637
1.261 0.65943
1.175 1.0991
2.1199 3.058
1.6626 0.79584
2.745 3.0887
0.21007 0.98534
1.194 2.3113
2.148 3.1134
1.4172 1.3723
1.7126 2.3074
3.8096 5.4206
3.8702 5.2417
2.2246 1.8525
0.34221 0.47374
2.8432 3.0779
-0.082739 -1.7709
2.7392 4.2835
0.78082 0.12798
3.3895 3.7744
1.3262 -0.042069
2.0389 1.1279
2.5292 2.3804
1.9768 3.5751
3.4924 5.8052
2.7187 2.6888
1.7247 1.5966
1.9864 1.2394
1.098 0.41838
1.8132 0.97827
4.2796 4.2022
4.5024 7.0254
-1.0964 -2.01
2.2264 1.6923
4.0985 3.382
2.6945 2.0536
2.3593 1.5353
0.85348 0.5768
2.6129 3.6058
1.7666 2.7264
0.3842 0.0025089
2.4522 2.6905
0.41147 -1.5833
2.7798 3.6073
3.0944 1.6841
2.214 1.0304
2.1416 1.5846
2.6879 2.6644
2.9256 2.8627
1.5217 1.9116
0.95864 0.65849
0.98577 0.43385
1.8204 1.2287
0.14333 -0.71825
2.865 2.7678
1.9489 2.7492
1.7407 2.5168
3.406 4.2603
2.0598 2.0247
3.9536 4.9879
1.0177 -0.85574
3.0193 4.3868
-0.66563 -2.7952
-0.52728 -2.0374
1.3934 0.64633
3.2067 3.5416
2.9656 4.0585
1.7358 1.4711
1.5869 1.7773
1.2358 1.7516
0.81964 -1.0249
2.0516 2.4629
1.457 0.62735
1.1321 0.83612
1.8141 1.758
1.616 0.92581
1.2865 0.76604
2.0167 1.6512
-0.0048268 -1.9459
1.3647 0.80231
0.19525 0.32418
2.4157 1.1682
1.755 2.4293
1.1409 0.80347
1.6152 1.4335
2.1338 1.8438
2.9941 4.4716
0.88413 0.71726
2.4433 2.2966
2.8963 3.8057
1.4588 1.1753
3.0111 3.4822
2.275 3.188
0.7955 0.55025
1.8133 0.99377
1.9498 1.9977
2.5739 1.7414
1.1309 0.036186
1.8878 2.7029
1.2546 0.22554
1.0397 1.8351
2.2582 2.1863
2.1192 2.9074
2.9179 3.2572
3.4366 4.8389
2.5377 3.0116
1.3354 0.68118
1.5632 0.071988
1.873 1.6267
0.29189 -3.1079
0.26362 -1.2621
-0.04596 -1.4495
3.0004 3.1272
0.32977 0.57552
1.5915 1.9915
3.1431 4.0163
2.2738 2.6192
2.4701 0.61025
2.996 4.6462
2.0568 1.8571
1.0919 0.27885
0.71586 -0.47889
2.0997 3.1741
2.4164 2.3342
2.7259 4.061
1.0254 0.80693
0.69476 0.41287
1.2203 0.77786
1.8268 1.2253
2.9156 3.6065
-0.86624 -2.6454
2.8773 3.5979
3.7392 5.2804
0.36179 -0.027296
1.755 1.5214
-0.40477 -2.4375
3.0694 3.4934
0.83231 1.9831
2.7058 3.1726
1.8898 0.72434
2.1444 1.954
1.2314 1.8642
2.8312 5.4135
1.9503 1.7513
2.0987 1.6115
1.5035 1.3675
1.0887 0.23249
1.5849 1.5206
2.3317 2.1324
2.5122 1.6367
2.5643 2.9726
1.1916 0.6926
2.6921 1.5501
0.21622 -0.8769
2.0687 3.0057
0.4124 -1.4919
0.8138 0.45424
2.5011 3.2685
2.7489 3.9323
2.6271 4.212
0.29427 -0.083018
3.6724 4.2327
1.9164 2.4478
3.7259 5.3064
1.7451 2.0629
2.5213 2.0525
3.0519 3.4131
2.7222 3.2104
0.7652 0.35951
2.2674 2.6045
3.2569 2.5347
3.2902 4.169
2.0188 1.4091
2.9036 3.997
3.1506 3.6885
0.74916 -2.1925
2.8633 3.0757
3.4671 3.2219
2.0319 1.5026
3.5918 5.2478
2.3528 3.108
3.259 4.4959
0.95598 0.80096
2.6553 3.0411
2.7863 3.7216
3.2111 2.607
3.03 2.698
1.2031 0.10608
2.3879 3.7674
1.2548 0.72536
1.9547 1.0958
0.67319 0.068864
1.4172 0.2018
1.7159 1.3922
3.0662 4.3134
3.604 3.9654
0.59771 -1.1482
1.2141 0.69868
2.4383 2.3054
2.3712 1.7215
-0.4359 -2.9308
1.9981 0.39688
2.5916 3.2321
1.812 2.8305
3.0426 2.527
2.384 2.8889
2.2281 2.0301
1.4438 1.3752
1.7655 2.1132
1.7 2.5999
2.1932 3.5816
3.33 3.6861
2.0087 1.1308
2.0213 0.67546
2.7828 3.3652
1.2934 -0.22325
2.8309 4.1432
2.2762 2.409
2.2412 2.2456
2.0966 1.1494
3.8645 5.0227
1.0724 0.76158
-0.36535 -0.97332
1.3826 1.5722
1.7729 2.6212
3.0944 3.0679
0.16935 0.19836
2.4965 3.2873
3.9466 4.7916
2.2815 2.8645
1.2307 1.387
1.8677 2.9445
-0.10457 -1.2463
2.3789 1.6032
2.6821 2.624
3.2703 3.9108
2.577 3.0909
2.7027 3.5488
3.134 2.4311
2.4295 2.5791
0.36319 -1.0887
0.58603 -0.55345
1.7244 2.0194
2.2963 2.5371
2.2751 1.8523
1.011 0.89828
1.9613 2.5784
1.5377 1.1584
3.1099 4.1847
0.67757 -1.3659
2.0001 1.7697
0.81909 0.84892
1.7819 0.21673
3.3104 3.0722
4.1821 4.991
1.6045 2.2195
2.4819 1.7333
1.4564 1.8264
1.1459 0.15772
1.4054 0.48469
2.5747 2.0616
3.1055 5.7506
3.0512 1.6584
1.5549 1.9512
0.70851 0.61142
-0.39842 -0.89095
0.82672 -0.20614
3.3672 5.2844
0.15243 -0.53136
2.4469 3.8828
2.7287 4.1848
1.6439 1.229
3.0826 4.0317
2.9725 4.8549
2.5367 3.9992
2.9375 4.1469
1.0685 1.2059
3.4326 4.9121
1.6834 2.1529
1.8217 2.3808
2.9227 4.9261
2.2638 2.4145
2.5953 2.5419
2.2333 2.769
2.4476 3.3389
0.41795 -1.4615
0.85297 -1.1985
-0.22249 -1.4348
2.2468 2.4455
2.158 3.6037
2.1109 3.1887
0.34275 0.73209
1.7881 1.6046
2.5308 5.3543
4.8726 5.9649
1.6845 1.8892
1.791 2.3598
3.0001 4.1217
2.6888 3.0608
1.3115 0.42522
1.3195 0.72382
3.3491 5.6328
2.4517 2.3576
0.52318 -0.0062048
2.1942 3.0695
0.76557 0.65985
0.57322 0.53411
2.1426 1.627
1.627 1.8315
2.0862 3.1132
0.91181 0.41821
0.94079 0.74312
3.1031 2.9526
2.0908 2.0539
2.8116 4.767
3.7387 4.1659
1.7713 2.9607
-0.43338 -2.2069
3.2475 2.4309
1.8226 2.6485
0.68781 -0.40127
1.0437 2.4103
2.3774 2.239
2.406 2.0171
-0.034164 0.16311
2.5679 3.8018
2.144 2.119
0.83005 1.8829
2.1909 1.4473
1.975 3.298
2.6947 1.7936
0.98258 0.41062
0.3428 0.97862
1.4897 1.7591
1.1464 0.59227
2.3117 1.2859
2.2346 1.8542
1.1932 -0.37352
1.6902 0.35908
2.7287 3.3531
2.566 3.8012
2.0781 2.3428
2.1147 1.9495
1.3127 0.72662
2.4268 1.2082
1.5142 1.5524
3.5842 3.706
2.8331 2.5457
2.1668 2.1045
2.7882 2.8964
3.6165 5.5429
0.44859 0.096952
2.4129 2.6419
2.8343 4.397
1.3834 0.31489
2.197 2.8859
2.4781 1.2433
2.8431 1.6482
2.4906 3.3376
2.1862 1.7207
3.5065 5.1654
3.234 3.8504
2.1129 3.4342
2.3622 1.6383
1.343 0.46697
0.4588 2.4325
2.2605 2.239
2.4959 2.3168
2.2962 1.2722
2.0749 1.9874
2.7739 1.9538
4.5239 7.1534
1.4164 1.6552
1.2378 0.81635
2.9985 2.6229
1.9128 0.95608
0.39739 -0.66417
0.10867 -0.1761
2.6953 2.6248
2.2847 2.522
0.24775 -1.0504
1.2384 0.80882
0.97127 0.93248
2.5348 2.8436
1.1898 1.1322
0.83101 -0.341
2.0419 2.2803
2.8944 2.4063
2.546 2.0973
1.0655 0.273
2.0754 4.3286
2.0959 4.1242
1.307 2.0934
2.6325 2.5802
2.9393 2.7667
1.8509 2.3901
2.2869 1.5014
1.7253 0.74788
1.6788 2.9543
1.8703 1.4455
3.7958 4.5729
2.6897 3.3738
1.2357 -0.49679
1.3941 0.89189
0.57932 -1.1837
2.2612 1.5291
2.7821 3.0889
2.325 3.6409
3.4955 4.8246
4.2185 3.7297
3.0241 4.128
2.3979 2.3793
3.2936 4.3787
2.6615 3.0624
5.1907 7.1378
-0.78783 -2.0946
1.0325 -0.19398
2.1164 2.827
4.8164 4.1257
1.3438 1.5533
2.303 1.3338
1.8866 3.1717
2.5944 2.1176
2.8874 3.4255
2.0615 1.6721
0.80766 -1.188
1.2806 -0.51064
1.9231 0.073175
0.71866 -0.12869
1.7594 3.6302
1.7945 0.82467
1.2415 0.84544
0.53005 -1.222
-0.64042 -1.8987
1.7637 2.9442
-1.7609 4.1611
-1.2744 4.2014
-1.142 3.6014
-0.84174 4.2312
-3.1875 4.0206
-2.0361 4.461
-1.2133 3.8318
-1.9946 4.0293
-0.974 3.9465
-1.3915 3.2556
-2.1475 4.7114
-2.5007 4.1817
-2.0241 3.6194
-1.7702 4.8087
-2.1705 3.9973
-0.96772 3.5515
-1.6306 4.6048
-1.7315 4.5085
-1.9461 4.3719
-1.9388 3.8327
-2.5057 4.113
-1.8042 4.736
-2.4999 3.5617
-1.3139 4.0993
-0.81712 4.4048
-1.6162 4.3895
-2.1468 5.1661
-1.25 3.5989
-0.76013 4.0519
-0.8756 3.5332
-2.4189 4.5674
-2.1312 4.2883
-1.9686 4.5393
-1.8283 3.9262
-1.841 4.1235
-2.9095 3.8486
-1.572 3.4837
-1.4055 4.1764
-1.4316 4.4743
-1.7278 3.629
-1.9111 3.0333
-2.0849 3.7237
-2.2119 2.9382
-1.1667 4.5232
-2.7708 4.6455
-2.5889 3.5961
-1.2095 4.4865
-2.5956 4.5919
-2.9329 4.6971
-2.4063 5.8627
-1.9478 3.5619
-0.98571 3.6745
-1.3674 4.1663
-1.7421 4.1848
-2.6327 4.022
-3.3064 3.6129
-2.0236 3.8359
-1.8361 4.4299
-1.3303 4.5738
-1.6473 3.6482
-1.3564 3.305
-2.6838 4.6213
-0.69363 3.4541
-2.3647 3.4205
-1.846 4.4711
-3.323 4.4312
-1.0402 3.9535
-1.2819 4.1129
-3.7743 3.5681
-1.775 4.0467
-0.73878 4.5196
-2.7737 3.9293
-2.4627 4.7011
-3.1164 2.9637
-2.6109 4.2176
-2.3207 4.1779
0.10443 4.9493
-2.2821 4.4971
-1.5358 3.4664
-2.3472 4.377
-1.654 4.3854
-1.0125 3.2538
-2.2597 3.7345
-1.5821 3.9677
-0.97685 4.4195
-1.1734 4.5393
-2.394 4.8044
-2.3838 3.9415
-1.5434 3.4124
-1.3872 3.7983
-1.9718 4.1899
-1.9317 4.0977
-1.3617 3.7184
-1.9674 3.6259
-3.0933 4.6241
-0.87049 4.2962
-1.8375 3.663
-2.858 4.4306
-1.2209 4.4102
-1.8174 4.0807
-1.9003 4.5333
-2.8189 3.7463
-2.4449 3.0148
-1.4223 5.1494
-1.2114 4.4602
-2.5876 3.7631
-2.913 4.4758
-2.0367 3.9741
-2.2566 3.1793
-2.3416 3.7463
-0.47159 3.3568
-1.9047 3.185
-2.9538 4.4587
-2.0067 4.3863
-2.4936 3.4653
-3.3765 3.8186
-1.5271 4.9705
-1.6757 3.1631
-2.8982 3.4654
-1.4893 3.9898
-2.6258 2.8046
-0.51787 3.3525
-2.7501 4.3307
-1.6841 4.643
-1.8779 5.0238
-1.642 4.2292
-2.7579 4.5188
-1.8741 4.1406
-3.2494 4.2615
-1.8357 4.4127
-2.818 3.9729
-1.626 4.1628
-1.5358 3.0064
-1.4967 4.3901
-2.3219 3.9546
-1.5786 4.0922
-1.4626 4.142
-3.0421 3.7096
-2.0652 4.1376
-1.7992 4.028
-2.2687 4.207
-1.1928 3.6445
-1.5537 4.6663
-2.0757 3.4892
-2.7598 3.1793
-1.7033 3.9471
-1.8364 5.001
-1.8402 2.9683
-2.9531 3.3081
-2.8604 5.2118
-1.8314 4.8689
-2.8403 3.7183
-1.2191 2.9938
-1.9916 3.8334
-2.4496 3.7995
-2.3597 3.8067
-1.1513 3.1216
-2.4142 4.7814
-2.1512 4.0501
-2.7993 3.9862
-1.8914 4.6878
-1.4963 5.0776
-0.99031 3.6004
-2.3311 4.8975
-1.807 4.404
-1.4609 4.6581
-2.2932 4.8149
-2.2369 3.1816
-2.8193 4.3788
-2.9827 4.1339
-1.5083 4.2431
-1.4766 2.5391
-2.0458 4.4071
-1.161 3.4114
-2.2155 4.2172
-1.7872 3.6906
-2.6338 3.9999
-1.9446 4.5735
-2.1949 4.8537
-3.0359 3.5471
-2.5705 3.9847
-1.7851 4.5287
-1.8579 3.8301
-2.2407 3.9035
-0.91232 3.7458
-1.889 3.3207
-3.1085 4.1206
-0.31176 4.0013
-1.3655 4.7103
-1.02 4.4543
-2.53 4.2982
-1.7967 3.2619
-1.2713 3.499
-1.3381 4.2567
-2.3721 4.195
-2.1836 3.7929
-2.2979 3.853
-1.9994 5.1003
-1.5109 3.4361
-2.8672 3.8018
-5.2495 -5.4888
-4.9111 -4.8221
-4.2853 -4.7905
-5.4704 -5.3083
-4.4824 -6.181
-6.0186 -4.9657
-5.8354 -5.5589
-5.2788 -4.9631
