700 2
1.5884 3.3949
2.0885 1.9788
2.7775 4.5966
3.4172 3.8878
2.4624 4.4168
-1.5728 4.4776
-2.2323 4.5372
-2.0973 4.0605
-2.1619 3.0465
-1.9326 3.978
-2.1805 5.0223
-2.8872 3.8479
-1.8709 3.4082
1.628 2.585
2.1697 0.79064
2.8031 1.9188
0.24565 -1.4292
-2.4311 3.8144
-1.8727 4.6196
2.2923 2.2311
0.2361 -1.2153
1.8345 1.1926
2.3816 2.1939
-1.9779 3.6106
2.2855 1.3891
2.3842 3.4379
2.9751 4.476
1.3202 1.9274
1.3705 2.3241
2.3575 2.376
-2.0083 4.1409
-2.3232 3.0399
0.77421 -0.53527
2.0593 1.9119
-1.9151 4.0058
3.3005 3.6183
2.7181 1.6176
0.51121 0.76145
1.9995 2.3145
2.283 2.5394
-1.1233 3.4234
1.8881 3.0929
2.0446 0.89732
-3.1685 3.9454
2.169 3.4922
1.3003 -0.30458
1.7064 2.0234
2.973 4.8799
3.2735 3.7927
0.87983 0.91926
3.0324 4.3228
-2.4173 4.7246
3.27 4.4989
0.44608 0.53301
-2.6627 3.9524
3.1956 3.9849
-2.131 3.726
2.2459 2.5002
-2.3681 3.3627
-1.9922 3.9495
1.8643 0.57466
1.2674 0.56574
1.9296 2.3925
-0.92138 4.5258
2.9166 3.7545
2.1029 0.40073
3.337 3.8819
-1.3858 4.5162
3.466 4.6105
0.83856 -0.83667
0.65589 1.3801
2.055 1.0712
3.2923 4.2729
1.4505 2.2153
1.9274 2.882
2.9619 5.297
2.3987 2.7773
2.3167 1.8315
2.4125 2.4227
1.1113 1.428
-0.42953 4.8657
1.0428 -0.10312
-2.1757 3.6646
2.3743 1.6171
-3.3424 4.2925
-3.0157 4.6031
1.4092 -0.21314
0.54532 -0.89973
0.12346 -0.63864
2.3791 3.8858
1.5324 1.8
0.95223 2.0329
-2.8957 3.5457
-1.3844 3.4777
3.1372 2.9395
3.3068 2.9076
2.3584 1.8333
1.0622 0.38116
2.988 2.58
1.6326 0.88144
1.2319 0.035831
-2.4916 4.2514
2.9867 3.6116
1.6408 -0.94245
-1.9515 4.2529
-2.0606 3.8121
2.4398 1.6876
1.331 0.90768
0.62819 -1.0941
2.5882 4.0665
2.2751 1.2461
-2.5673 3.8853
-2.6755 4.5758
2.4856 3.6046
-0.043268 -0.78875
-2.3295 4.2828
-1.7392 3.7253
-3.3579 3.5749
3.8705 5.4513
0.94604 1.6953
1.8595 -0.30988
1.7067 2.0197
-0.83043 4.0137
1.1866 0.44888
-3.6305 4.1023
2.5632 2.154
2.0397 2.7331
1.3831 0.82161
-1.1176 3.042
-2.0764 4.3617
-1.7745 3.2779
2.987 2.4398
0.079906 -1.5627
2.4458 2.2419
2.2455 2.0722
3.2259 5.5631
2.5347 2.0898
-0.49069 -0.32874
2.6805 3.4002
0.73665 -0.47276
2.6326 2.4622
3.1277 2.4618
1.5678 1.2084
-1.178 3.787
1.5736 0.6543
1.0397 -0.63059
-2.8517 3.9607
-1.3257 3.3501
-2.5238 4.3262
1.2919 1.317
1.8707 2.7737
2.3412 2.1731
-1.2181 4.9589
2.6756 1.8787
1.8255 1.885
3.3934 2.7648
-2.6882 3.7112
-3.0763 4.5218
-0.76252 3.8445
2.7538 3.15
-2.376 4.0671
0.88301 1.8223
2.7282 3.7803
1.3982 1.7736
-1.9242 3.8285
2.4433 3.0001
1.6209 1.8748
-2.1704 3.9877
1.1125 0.096327
1.7538 3.2011
4.3657 6.4388
-2.7151 3.5524
2.703 1.4752
1.5633 0.8385
3.4119 4.0028
-1.7122 4.6498
-1.0083 4.347
0.82825 -1.0684
2.9891 3.4873
1.9688 4.1752
1.3044 0.70306
0.68989 -0.25599
-2.3771 4.4454
2.4471 3.4065
-1.3149 3.6609
2.6458 3.834
-2.2613 3.5003
1.7066 0.89385
3.2016 4.3758
1.7906 1.5727
-2.7733 3.8079
-3.176 3.5535
-1.6983 5.0675
-1.5188 3.3184
1.6169 0.066723
2.5918 3.6062
2.8971 2.8235
3.5732 5.4333
-2.3077 3.7181
2.2819 3.1449
2.1101 3.6242
3.9826 5.4301
-1.6136 4.0187
-1.3807 3.3791
2.339 2.5368
2.012 1.0185
-2.1607 3.6496
-1.4256 4.2798
-2.2314 2.9878
1.9887 3.1399
1.3056 0.5596
3.665 6.1305
-1.5599 3.6006
0.85876 0.098711
0.29706 0.32661
0.14139 -2.1568
0.35772 -0.56101
1.4384 1.5441
2.1144 1.8457
1.17 0.33988
2.3041 3.1982
-1.6267 3.6549
0.93524 0.18328
2.083 0.26017
1.5701 2.394
-2.6871 3.88
-2.0074 5.1479
-0.5757 3.7741
3.2084 3.4589
1.9679 2.855
-1.6287 3.9345
2.6892 3.6871
1.9967 1.4407
2.309 1.4857
1.0971 1.4027
-1.57 2.8664
-3.0666 4.3493
2.3746 2.2273
3.1479 4.0187
2.6057 2.3338
0.15529 -0.79421
-2.3509 4.1897
1.2076 0.013296
2.1419 3.3696
3.2016 3.498
-1.4974 4.2699
0.86796 1.1215
-1.2549 4.9221
-0.53341 -2.4678
-2.5109 4.3211
-1.2703 4.5389
-1.7601 4.1239
1.2291 0.2081
1.4983 2.0695
1.7986 1.7319
1.7647 -0.00035278
2.8329 3.7243
-2.3534 4.2837
1.3348 1.9523
3.5298 3.3907
2.7541 3.2783
-2.2493 3.7196
3.5106 4.1356
2.4328 1.8842
3.4123 2.7436
3.0523 3.0651
1.7575 2.2224
2.822 2.4889
0.36443 -1.0097
2.9072 3.269
-1.8485 3.9706
2.5415 2.7413
3.671 3.5913
1.8635 0.13277
-0.10068 4.868
1.4303 1.1654
0.88585 0.77704
1.4077 0.84758
-1.8707 4.0586
-3.34 4.6759
-1.2355 4.1826
1.7815 2.7263
1.0205 1.0079
1.6183 0.63441
-0.95348 3.4845
1.6833 0.99414
2.1578 -0.12198
0.32218 -1.782
2.9263 3.445
-2.7084 3.8959
-3.0429 4.0318
-2.5676 4.9094
2.3085 3.2066
3.8093 4.334
2.5621 3.2124
-1.9867 3.64
2.9946 2.5404
1.3218 1.4831
2.4774 2.2285
1.6728 2.6197
2.8765 1.9603
2.9623 3.6544
3.8424 5.8063
-1.6888 3.9777
-2.2769 3.9895
-1.0383 3.7673
1.7488 2.6144
0.90617 0.60393
0.92487 -0.2119
-2.5719 4.6915
1.9709 2.7748
2.618 1.6664
1.1329 0.2987
1.0076 0.40865
-1.4385 3.8033
2.682 2.7095
-1.2654 4.5445
2.2499 1.8809
2.1804 3.614
2.589 2.2188
2.4003 1.5736
0.95908 0.54405
3.0515 4.9099
2.1612 1.6931
-3.3349 3.5963
1.4986 1.1247
-1.8108 3.8781
-2.4561 2.7971
3.1355 3.0575
0.79223 -0.54249
1.4215 1.2533
1.2226 1.993
-3.4143 4.8975
1.8269 0.89968
1.1617 -0.98732
2.5648 1.8018
0.82285 -1.2879
1.2981 0.87604
1.8908 0.82321
-2.146 4.5425
1.4665 -0.29266
-2.7971 4.3764
2.2791 3.1902
0.47793 -0.92683
-2.3141 3.5996
1.5939 0.73294
3.0398 2.6498
1.9109 1.5461
1.5974 0.49862
0.11704 -2.465
1.1749 1.1651
3.6983 3.4065
2.9164 3.359
0.8904 0.24678
-2.0478 4.6041
-0.14008 -1.496
2.5396 2.9286
3.3792 4.1159
-1.6594 4.9604
-2.685 4.5647
-2.0034 3.019
3.1055 2.897
-3.6744 3.5421
-1.257 3.9987
1.853 1.9307
-2.9846 3.1357
0.70391 -1.196
2.3715 2.5156
-1.6462 4.5463
-3.1612 4.0438
3.2341 4.144
0.99214 2.1576
-1.407 3.4636
0.60597 -1.8834
1.6504 1.5031
3.3656 4.9498
-1.434 5.041
2.4153 1.7872
2.4261 1.4772
-1.8988 4.6526
1.1546 0.13532
-1.2846 4.2192
1.7673 2.9731
-2.6197 3.72
-2.9418 3.8641
-3.4275 4.0495
3.2865 3.9877
1.7485 2.0042
1.4646 0.76621
0.67964 1.323
1.3581 0.44403
1.0016 -0.83827
1.7764 2.039
1.5172 0.56959
4.1848 6.4762
-3.726 4.287
3.6057 4.4345
2.6219 4.3494
-2.8447 4.5251
-1.7733 4.1825
3.7691 3.8135
2.1032 1.1549
1.4545 2.0743
3.6398 6.3202
1.7147 1.9345
3.7215 3.8534
1.6785 1.5081
1.2869 1.9362
2.7 2.9458
1.237 1.7917
1.1024 -0.56475
0.63895 0.55219
-1.1508 3.3195
0.50563 -1.4155
1.7105 2.3122
2.159 1.9923
0.67661 -0.85537
2.2517 1.2497
2.2633 3.8172
0.73256 -0.184
1.2094 2.8429
-0.83621 4.6401
1.6641 0.1539
2.6328 2.9812
2.4246 3.4321
2.2095 1.359
-1.5673 3.8278
1.852 1.5271
0.62192 -1.6181
4.1411 6.4078
2.6518 3.8078
0.41573 -0.33122
-2.8916 3.2996
1.54 3.0016
3.708 3.3921
1.7568 3.3963
2.6653 2.2454
1.9615 1.6933
2.184 0.35836
1.8434 1.187
0.75921 0.44461
1.1295 0.081339
2.837 5.3749
-0.74975 4.9359
3.0351 5.8714
2.1473 0.61338
-2.1412 3.5328
-2.0567 3.659
0.65773 0.86162
2.6845 3.0929
2.8915 3.8711
0.91657 0.65174
1.9791 2.7206
3.5757 4.3235
1.1712 -0.91734
1.4151 0.58209
4.6002 6.4895
2.4759 2.9006
2.7332 2.7338
1.2106 -0.085103
0.79365 -2.3075
1.3208 -0.14875
-2.8067 4.2495
-2.8104 4.479
-1.7585 4.5499
3.5456 4.5999
2.4157 2.8013
2.6607 3.1208
-1.6392 5.6147
2.5063 2.0568
-0.67285 3.8945
2.1102 2.7171
1.9732 3.269
0.73086 0.15168
1.064 0.25577
-2.2765 3.7491
1.6113 0.70927
-1.2281 4.3188
-1.623 3.5374
4.5069 6.5028
-3.2446 4.4096
1.7943 1.8702
-1.4569 4.5581
1.8045 2.3643
0.76534 2.0113
1.6053 2.2508
2.0307 2.889
2.0128 4.1561
0.47481 0.3546
1.4488 1.2907
0.79951 0.15308
-1.1799 4.1203
-0.80982 4.7409
-1.7977 3.2997
3.9093 3.9027
0.94591 -0.75324
3.143 2.6395
3.8167 4.8104
2.4229 3.6761
2.7304 2.7758
3.4932 4.8891
1.0637 0.98608
1.8101 1.6342
1.4676 0.68118
-3.4785 4.2805
1.7008 0.51441
-1.1474 4.7161
2.9863 3.4452
1.6438 0.48714
-0.61268 -0.83725
2.7423 2.6774
-2.361 3.8
2.1706 2.2841
2.2995 2.5537
1.9498 3.0527
1.6937 1.6155
-3.202 3.9004
-1.9656 4.1384
-1.6652 3.1716
-1.4499 3.2912
-3.2601 5.0436
2.0878 1.2461
2.0089 1.3779
3.2478 4.9035
2.2307 3.6104
-0.0086446 -2.3122
0.27067 -0.55166
2.3857 3.3426
3.9824 4.8329
2.533 1.2484
1.4654 1.7713
-1.8433 3.7848
4.1696 3.8859
2.1853 1.3092
1.3169 1.0648
0.89565 0.87122
2.3931 2.438
-2.0793 4.4773
-2.2557 3.3857
1.5638 1.2103
2.9395 3.8361
2.8436 3.4512
1.225 0.91794
1.8165 -0.051775
2.8403 2.6174
-2.1544 4.5288
3.6335 4.8041
-2.3024 3.6047
-2.8356 3.901
2.0946 3.0393
4.3077 3.9184
0.18981 -0.51092
2.1624 2.1542
1.5012 -0.30134
-1.633 4.3797
-1.0886 4.435
-0.95038 4.4738
3.1552 4.7316
-1.4968 3.6052
3.4198 3.531
1.2817 -0.5992
2.8801 2.8587
1.5163 2.8453
-1.0602 3.9948
2.3955 1.9669
1.4565 1.1487
2.3005 1.2206
4.2 5.3947
3.2884 2.6873
0.52926 0.55384
2.4852 4.1862
-1.2359 4.035
-2.3147 3.4174
0.95267 0.12915
-2.3097 4.5275
2.0981 2.375
2.3437 2.1371
1.813 2.8158
2.5008 2.9965
1.6784 1.3485
0.86001 0.92171
-0.066674 -0.54499
-3.3168 3.0433
1.7583 0.0016884
2.3746 3.0665
1.6227 0.5002
3.2731 4.0055
2.5975 4.6806
-1.0548 3.1794
2.5882 2.849
2.6631 3.5587
2.938 3.4529
-1.8826 3.384
4.5009 5.135
2.3874 1.3331
2.7478 3.1432
-1.0557 3.1675
2.5686 1.79
1.0727 1.1497
2.5811 1.265
0.83494 0.9325
0.9093 -0.3134
0.49733 1.1311
2.1652 2.6632
2.7584 3.5775
2.4875 3.0318
-1.3651 4.3775
-1.7401 3.813
1.8938 1.446
2.2153 3.8958
1.3986 1.036
1.8227 1.7837
2.3216 3.1844
2.261 1.9124
2.6692 2.9145
1.649 2.0188
1.7592 2.8471
-2.221 3.4199
2.8057 2.6317
3.3549 4.2112
2.2307 3.243
1.6366 1.8416
-0.17215 -0.52774
4.1892 4.982
2.0061 3.6983
1.9388 1.9807
0.93759 1.042
-1.8755 5.7128
5.2466 7.0767
-0.98503 3.5304
-2.192 3.7726
3.6003 3.8246
0.27713 -2.1409
2.9178 3.0224
1.5882 1.5672
-2.1133 3.7736
1.4663 -0.19131
-2.1467 4.2837
2.287 2.7453
0.71327 1.0394
3.6513 5.1247
2.1125 0.9675
-2.4389 3.1124
-2.5137 3.9154
-2.4121 4.6979
3.6427 2.9503
1.569 2.5932
1.3977 1.6972
2.985 3.5204
2.3699 2.3828
1.4011 1.3891
-1.4058 2.4945
2.8329 2.6887
3.4494 2.4142
2.5945 2.9485
2.5256 3.8056
2.563 2.1879
2.5005 1.4067
0.454 -0.20184
2.8025 2.8684
-2.8348 4.9244
1.6893 1.2947
1.2202 0.82416
2.8005 3.2658
-2.4872 3.9161
-2.0354 2.5872
-2.3664 3.9181
1.2909 0.94547
-2.3018 3.3193
-2.2833 4.65
-1.9219 3.9712
1.0056 1.3885
0.67414 0.38214
2.0413 2.5234
-3.0352 3.3554
2.7221 3.6926
0.79535 0.31648
1.6488 2.6044
-1.6727 3.5088
0.93526 0.48242
2.6383 2.6311
3.5445 4.4169
-1.8241 3.1556
-1.5922 4.175
-2.1845 4.1803
-2.5105 4.5861
3.2026 4.0911
2.5872 2.9766
1.7087 2.0557
2.9903 3.4958
0.79297 0.19673
3.2508 3.3757
-3.7297 4.4293
2.0036 1.4787
1.2744 0.57875
1.1734 -0.80249
-1.6083 3.6073
0.075345 -1.6381
3.622 5.5938
3.5304 2.9607
