200 1
0.3501
-0.29131
0.18608
0.5766
0.33966
-0.67283
-0.53701
-1.0402
0.99728
-0.026054
-0.657
0.67775
-0.51083
0.446
1.5166
0.93776
-0.16016
-0.11384
1.9371
-0.1708
0.30117
0.32599
0.92484
0.21529
0.36625
0.32215
2.689
0.87607
-0.87649
-1.2174
-1.6148
1.8401
-0.81893
0.99214
0.53382
-1.5267
2.0229
0.5523
1.8201
0.34264
0.17956
-1.0193
0.037599
0.13712
-1.5211
-0.018918
0.16325
-0.72115
0.4106
-1.2126
-0.57374
0.10539
-0.6051
0.42179
-0.36281
-0.87412
0.93159
0.60004
0.57136
0.68511
1.0094
0.99087
0.033691
-0.45027
-0.11066
1.2379
-1.1979
-0.56439
1.0433
0.846
-0.49554
-0.20682
-0.1558
-0.2754
-2.4432
-0.42732
0.30906
2.4516
-1.4626
-0.63554
-0.38547
-0.94228
-0.67377
-1.9242
-0.11242
-0.51851
0.53498
0.057408
1.0658
1.6207
0.12185
-1.238
0.24413
1.3983
-0.095473
0.38762
-0.96631
1.5092
0.40383
-0.42214
-1.674
-0.68763
-1.0272
-0.49256
0.34681
0.82935
0.15563
0.083714
0.37462
2.6532
0.33271
0.14077
1.5778
0.089548
-0.67298
0.93189
-0.35789
0.2021
0.87625
0.80795
-1.6033
-2.3621
-0.7017
1.6519
0.23507
-0.15175
-0.15589
1.0382
0.33048
0.47581
-2.0905
-0.17403
0.019188
-0.86003
-0.022949
-0.60232
0.8699
-0.57081
1.3047
-0.042644
0.89553
2.2849
0.066827
1.4946
-1.0725
1.8233
-1.2084
-0.065392
-0.32684
-1.1492
-1.308
0.64638
-1.3892
-1.3407
1.1289
0.0016961
0.37968
-0.90133
-0.19679
0.30694
0.16746
1.7881
-0.62408
-0.14996
0.83222
0.94809
-1.9737
-0.39188
-0.67671
-0.016021
0.51517
0.44483
1.1409
0.44768
0.31544
0.94559
0.42866
-1.3246
0.10982
-1.6547
1.1107
-2.1079
-0.54984
0.094261
-0.03822
1.8829
0.055461
-0.61389
0.58702
-1.2067
0.54533
0.25093
-0.39275
-0.62204
-1.1905
-1.8785
-0.42401
0.77724
-0.71393
1.5846
